psync2 = [-1748 + j*(-1071)
-1688 + j*(-1004)
-1501 + j*(-801)
-1207 + j*(-487)
-826 + j*(-88)
-382 + j*(354)
94 + j*(797)
572 + j*(1198)
1021 + j*(1516)
1418 + j*(1718)
1746 + j*(1780)
1992 + j*(1693)
2152 + j*(1465)
2232 + j*(1109)
2245 + j*(657)
2208 + j*(152)
2140 + j*(-362)
2062 + j*(-837)
1993 + j*(-1225)
1948 + j*(-1491)
1934 + j*(-1604)
1953 + j*(-1551)
1999 + j*(-1334)
2060 + j*(-970)
2118 + j*(-490)
2153 + j*(61)
2147 + j*(634)
2080 + j*(1174)
1943 + j*(1631)
1729 + j*(1959)
1445 + j*(2125)
1099 + j*(2112)
712 + j*(1920)
307 + j*(1562)
-89 + j*(1073)
-449 + j*(496)
-752 + j*(-114)
-979 + j*(-701)
-1123 + j*(-1208)
-1182 + j*(-1590)
-1165 + j*(-1809)
-1089 + j*(-1847)
-969 + j*(-1699)
-829 + j*(-1379)
-690 + j*(-918)
-566 + j*(-358)
-466 + j*(250)
-392 + j*(855)
-336 + j*(1402)
-286 + j*(1853)
-220 + j*(2173)
-121 + j*(2347)
28 + j*(2372)
241 + j*(2263)
517 + j*(2048)
851 + j*(1764)
1222 + j*(1450)
1600 + j*(1153)
1951 + j*(907)
2234 + j*(742)
2412 + j*(676)
2452 + j*(714)
2338 + j*(845)
2061 + j*(1048)
1634 + j*(1294)
1086 + j*(1546)
459 + j*(1768)
-193 + j*(1924)
-810 + j*(1990)
-1335 + j*(1947)
-1719 + j*(1791)
-1924 + j*(1527)
-1933 + j*(1174)
-1745 + j*(756)
-1384 + j*(304)
-891 + j*(-147)
-319 + j*(-567)
270 + j*(-931)
810 + j*(-1219)
1245 + j*(-1422)
1528 + j*(-1540)
1632 + j*(-1580)
1548 + j*(-1556)
1287 + j*(-1488)
879 + j*(-1391)
366 + j*(-1285)
-198 + j*(-1181)
-758 + j*(-1084)
-1268 + j*(-998)
-1687 + j*(-916)
-1989 + j*(-827)
-2166 + j*(-722)
-2225 + j*(-587)
-2189 + j*(-417)
-2086 + j*(-209)
-1954 + j*(34)
-1826 + j*(297)
-1733 + j*(562)
-1691 + j*(803)
-1707 + j*(994)
-1774 + j*(1108)
-1873 + j*(1122)
-1976 + j*(1022)
-2053 + j*(799)
-2074 + j*(464)
-2014 + j*(34)
-1862 + j*(-464)
-1617 + j*(-988)
-1290 + j*(-1496)
-907 + j*(-1942)
-500 + j*(-2285)
-109 + j*(-2491)
228 + j*(-2536)
481 + j*(-2413)
629 + j*(-2127)
665 + j*(-1699)
596 + j*(-1163)
442 + j*(-562)
240 + j*(55)
25 + j*(638)
-159 + j*(1142)
-275 + j*(1529)
-295 + j*(1774)
-204 + j*(1863)
-1 + j*(1798)
300 + j*(1592)
672 + j*(1271)
1079 + j*(868)
1480 + j*(419)
1836 + j*(-39)
2113 + j*(-473)
2293 + j*(-857)
2366 + j*(-1171)
2339 + j*(-1408)
2233 + j*(-1565)
2076 + j*(-1649)
1901 + j*(-1673)
1747 + j*(-1648)
1639 + j*(-1590)
1598 + j*(-1509)
1628 + j*(-1411)
1722 + j*(-1299)
1858 + j*(-1171)
2006 + j*(-1020)
2129 + j*(-839)
2192 + j*(-622)
2163 + j*(-365)
2026 + j*(-70)
1775 + j*(256)
1422 + j*(596)
996 + j*(930)
533 + j*(1231)
81 + j*(1470)
-312 + j*(1621)
-602 + j*(1659)
-759 + j*(1569)
-766 + j*(1346)
-627 + j*(994)
-362 + j*(533)
-9 + j*(-10)
382 + j*(-594)
753 + j*(-1177)
1051 + j*(-1713)
1228 + j*(-2160)
1250 + j*(-2481)
1104 + j*(-2652)
793 + j*(-2664)
343 + j*(-2519)
-205 + j*(-2235)
-801 + j*(-1844)
-1388 + j*(-1389)
-1912 + j*(-911)
-2330 + j*(-462)
-2612 + j*(-84)
-2745 + j*(189)
-2736 + j*(333)
-2608 + j*(340)
-2394 + j*(212)
-2136 + j*(-30)
-1874 + j*(-357)
-1644 + j*(-733)
-1469 + j*(-1114)
-1358 + j*(-1462)
-1304 + j*(-1743)
-1284 + j*(-1930)
-1270 + j*(-2007)
-1223 + j*(-1974)
-1110 + j*(-1840)
-904 + j*(-1625)
-591 + j*(-1357)
-177 + j*(-1069)
315 + j*(-793)
847 + j*(-560)
1365 + j*(-389)
1810 + j*(-296)
2125 + j*(-284)
2261 + j*(-344)
2185 + j*(-459)
1887 + j*(-607)
1380 + j*(-760)
702 + j*(-888)
-88 + j*(-968)
-913 + j*(-976)
-1695 + j*(-903)
-2354 + j*(-742)
-2824 + j*(-502)
-3058 + j*(-194)
-3034 + j*(160)
-2760 + j*(538)
-2272 + j*(912)
-1628 + j*(1259)
-906 + j*(1560)
-188 + j*(1799)
441 + j*(1969)
912 + j*(2067)
1170 + j*(2101)
1191 + j*(2079)
975 + j*(2015)
554 + j*(1921)
-21 + j*(1809)
-680 + j*(1687)
-1343 + j*(1561)
-1934 + j*(1428)
-2384 + j*(1287)
-2643 + j*(1129)
-2684 + j*(946)
-2505 + j*(730)
-2130 + j*(475)
-1601 + j*(181)
-980 + j*(-147)
-334 + j*(-500)
270 + j*(-859)
769 + j*(-1204)
1118 + j*(-1512)
1290 + j*(-1757)
1275 + j*(-1917)
1088 + j*(-1974)
757 + j*(-1918)
326 + j*(-1747)
-154 + j*(-1467)
-631 + j*(-1095)
-1059 + j*(-654)
-1397 + j*(-173)
-1619 + j*(314)
-1710 + j*(778)
-1672 + j*(1188)
-1514 + j*(1523)
-1257 + j*(1767)
-928 + j*(1915)
-558 + j*(1971)
-174 + j*(1948)
196 + j*(1866)
527 + j*(1749)
803 + j*(1625)
1009 + j*(1515)
1136 + j*(1441)
1180 + j*(1415)
1137 + j*(1442)
1009 + j*(1516)
803 + j*(1625)
527 + j*(1750)
196 + j*(1868)
-174 + j*(1949)
-557 + j*(1972)
-928 + j*(1915)
-1256 + j*(1768)
-1514 + j*(1524)
-1671 + j*(1189)
-1711 + j*(779)
-1619 + j*(315)
-1397 + j*(-173)
-1058 + j*(-653)
-631 + j*(-1094)
-154 + j*(-1467)
327 + j*(-1746)
757 + j*(-1917)
1088 + j*(-1973)
1275 + j*(-1916)
1289 + j*(-1756)
1118 + j*(-1510)
769 + j*(-1204)
270 + j*(-859)
-333 + j*(-500)
-979 + j*(-147)
-1600 + j*(182)
-2129 + j*(476)
-2505 + j*(730)
-2683 + j*(947)
-2643 + j*(1130)
-2384 + j*(1288)
-1934 + j*(1430)
-1343 + j*(1562)
-680 + j*(1688)
-21 + j*(1810)
554 + j*(1923)
976 + j*(2016)
1191 + j*(2080)
1170 + j*(2102)
912 + j*(2068)
442 + j*(1968)
-188 + j*(1799)
-905 + j*(1560)
-1628 + j*(1260)
-2272 + j*(912)
-2760 + j*(538)
-3034 + j*(161)
-3057 + j*(-193)
-2824 + j*(-501)
-2354 + j*(-742)
-1695 + j*(-902)
-914 + j*(-976)
-87 + j*(-967)
702 + j*(-888)
1379 + j*(-759)
1887 + j*(-606)
2185 + j*(-459)
2261 + j*(-343)
2125 + j*(-282)
1810 + j*(-295)
1365 + j*(-388)
848 + j*(-559)
316 + j*(-792)
-177 + j*(-1068)
-591 + j*(-1356)
-903 + j*(-1624)
-1110 + j*(-1839)
-1224 + j*(-1974)
-1269 + j*(-2007)
-1284 + j*(-1928)
-1302 + j*(-1742)
-1357 + j*(-1461)
-1469 + j*(-1113)
-1644 + j*(-731)
-1874 + j*(-357)
-2135 + j*(-29)
-2393 + j*(213)
-2608 + j*(340)
-2737 + j*(334)
-2745 + j*(190)
-2612 + j*(-83)
-2329 + j*(-462)
-1912 + j*(-911)
-1388 + j*(-1387)
-801 + j*(-1844)
-205 + j*(-2234)
343 + j*(-2518)
794 + j*(-2663)
1104 + j*(-2652)
1251 + j*(-2480)
1228 + j*(-2158)
1052 + j*(-1713)
754 + j*(-1176)
383 + j*(-593)
-8 + j*(-9)
-362 + j*(533)
-627 + j*(994)
-766 + j*(1346)
-759 + j*(1570)
-602 + j*(1661)
-311 + j*(1621)
82 + j*(1471)
534 + j*(1231)
996 + j*(930)
1423 + j*(596)
1776 + j*(256)
2026 + j*(-69)
2164 + j*(-364)
2191 + j*(-622)
2129 + j*(-839)
2006 + j*(-1020)
1858 + j*(-1170)
1723 + j*(-1298)
1628 + j*(-1411)
1598 + j*(-1508)
1639 + j*(-1589)
1747 + j*(-1647)
1902 + j*(-1671)
2075 + j*(-1649)
2233 + j*(-1564)
2339 + j*(-1408)
2366 + j*(-1171)
2293 + j*(-857)
2113 + j*(-473)
1835 + j*(-39)
1480 + j*(419)
1080 + j*(869)
673 + j*(1273)
302 + j*(1594)
0 + j*(1799)
-204 + j*(1865)
-294 + j*(1775)
-274 + j*(1531)
-158 + j*(1143)
26 + j*(640)
240 + j*(56)
444 + j*(-561)
596 + j*(-1161)
665 + j*(-1697)
630 + j*(-2125)
481 + j*(-2411)
228 + j*(-2535)
-109 + j*(-2489)
-500 + j*(-2283)
-906 + j*(-1941)
-1289 + j*(-1494)
-1616 + j*(-986)
-1862 + j*(-462)
-2014 + j*(35)
-2073 + j*(465)
-2053 + j*(801)
-1975 + j*(1023)
-1873 + j*(1124)
-1774 + j*(1110)
-1707 + j*(995)
-1691 + j*(804)
-1733 + j*(562)
-1826 + j*(298)
-1953 + j*(35)
-2086 + j*(-207)
-2188 + j*(-416)
-2225 + j*(-586)
-2165 + j*(-719)
-1989 + j*(-825)
-1686 + j*(-914)
-1268 + j*(-997)
-758 + j*(-1083)
-197 + j*(-1179)
367 + j*(-1283)
879 + j*(-1389)
1287 + j*(-1486)
1549 + j*(-1555)
1633 + j*(-1579)
1528 + j*(-1538)
1245 + j*(-1421)
810 + j*(-1217)
270 + j*(-930)
-318 + j*(-566)
-891 + j*(-145)
-1384 + j*(307)
-1745 + j*(757)
-1932 + j*(1175)
-1923 + j*(1529)
-1718 + j*(1793)
-1334 + j*(1949)
-809 + j*(1991)
-192 + j*(1925)
460 + j*(1769)
1086 + j*(1548)
1634 + j*(1295)
2061 + j*(1049)
2338 + j*(846)
2454 + j*(715)
2412 + j*(678)
2234 + j*(744)
1952 + j*(909)
1601 + j*(1154)
1222 + j*(1453)
851 + j*(1765)
519 + j*(2050)
242 + j*(2265)
29 + j*(2374)
-121 + j*(2349)
-220 + j*(2176)
-285 + j*(1855)
-336 + j*(1405)
-392 + j*(856)
-465 + j*(252)
-565 + j*(-356)
-689 + j*(-916)
-829 + j*(-1377)
-968 + j*(-1697)
-1087 + j*(-1845)
-1165 + j*(-1807)
-1181 + j*(-1588)
-1123 + j*(-1206)
-979 + j*(-698)
-751 + j*(-112)
-448 + j*(498)
-88 + j*(1074)
307 + j*(1564)
713 + j*(1921)
1100 + j*(2114)
1446 + j*(2127)
1731 + j*(1961)
1944 + j*(1633)
2081 + j*(1177)
2147 + j*(636)
2155 + j*(64)
2119 + j*(-488)
2062 + j*(-967)
2001 + j*(-1331)
1955 + j*(-1548)
1935 + j*(-1601)
1950 + j*(-1488)
