psync0 = [1689 + j*(-1157)
1601 + j*(-1082)
1347 + j*(-858)
953 + j*(-522)
454 + j*(-114)
-103 + j*(308)
-663 + j*(688)
-1176 + j*(968)
-1597 + j*(1108)
-1889 + j*(1078)
-2026 + j*(872)
-2002 + j*(503)
-1820 + j*(4)
-1501 + j*(-571)
-1074 + j*(-1167)
-577 + j*(-1718)
-50 + j*(-2162)
467 + j*(-2450)
939 + j*(-2548)
1336 + j*(-2440)
1637 + j*(-2133)
1833 + j*(-1652)
1920 + j*(-1042)
1904 + j*(-355)
1796 + j*(346)
1613 + j*(1004)
1371 + j*(1567)
1088 + j*(1994)
779 + j*(2263)
459 + j*(2368)
138 + j*(2323)
-175 + j*(2152)
-474 + j*(1892)
-754 + j*(1586)
-1010 + j*(1274)
-1240 + j*(993)
-1442 + j*(771)
-1611 + j*(621)
-1750 + j*(546)
-1857 + j*(535)
-1934 + j*(571)
-1985 + j*(627)
-2016 + j*(675)
-2033 + j*(691)
-2042 + j*(659)
-2050 + j*(567)
-2065 + j*(417)
-2087 + j*(220)
-2119 + j*(-5)
-2159 + j*(-232)
-2202 + j*(-434)
-2243 + j*(-585)
-2274 + j*(-667)
-2289 + j*(-667)
-2282 + j*(-584)
-2251 + j*(-423)
-2198 + j*(-204)
-2125 + j*(53)
-2039 + j*(320)
-1950 + j*(572)
-1867 + j*(788)
-1795 + j*(953)
-1740 + j*(1061)
-1701 + j*(1116)
-1671 + j*(1128)
-1641 + j*(1116)
-1595 + j*(1099)
-1516 + j*(1099)
-1384 + j*(1130)
-1186 + j*(1202)
-913 + j*(1313)
-565 + j*(1452)
-149 + j*(1599)
315 + j*(1726)
800 + j*(1799)
1271 + j*(1792)
1690 + j*(1676)
2018 + j*(1437)
2224 + j*(1069)
2283 + j*(586)
2185 + j*(14)
1931 + j*(-610)
1541 + j*(-1233)
1047 + j*(-1802)
493 + j*(-2265)
-74 + j*(-2575)
-603 + j*(-2699)
-1046 + j*(-2618)
-1368 + j*(-2335)
-1545 + j*(-1872)
-1568 + j*(-1271)
-1449 + j*(-586)
-1212 + j*(118)
-894 + j*(775)
-538 + j*(1319)
-192 + j*(1700)
103 + j*(1881)
314 + j*(1845)
421 + j*(1598)
420 + j*(1168)
322 + j*(599)
152 + j*(-48)
-56 + j*(-706)
-261 + j*(-1308)
-424 + j*(-1795)
-512 + j*(-2116)
-506 + j*(-2241)
-396 + j*(-2158)
-191 + j*(-1879)
82 + j*(-1431)
391 + j*(-861)
690 + j*(-223)
935 + j*(419)
1082 + j*(1007)
1102 + j*(1486)
975 + j*(1815)
701 + j*(1969)
297 + j*(1939)
-203 + j*(1733)
-754 + j*(1373)
-1303 + j*(897)
-1795 + j*(346)
-2179 + j*(-233)
-2417 + j*(-796)
-2482 + j*(-1305)
-2368 + j*(-1727)
-2084 + j*(-2045)
-1656 + j*(-2250)
-1123 + j*(-2344)
-533 + j*(-2340)
66 + j*(-2254)
628 + j*(-2107)
1114 + j*(-1923)
1497 + j*(-1720)
1765 + j*(-1514)
1917 + j*(-1316)
1966 + j*(-1132)
1936 + j*(-962)
1854 + j*(-803)
1750 + j*(-650)
1648 + j*(-496)
1571 + j*(-336)
1531 + j*(-167)
1533 + j*(11)
1573 + j*(196)
1637 + j*(381)
1714 + j*(560)
1784 + j*(721)
1836 + j*(858)
1858 + j*(965)
1846 + j*(1035)
1802 + j*(1070)
1732 + j*(1069)
1648 + j*(1038)
1564 + j*(985)
1493 + j*(916)
1447 + j*(841)
1431 + j*(765)
1452 + j*(695)
1503 + j*(632)
1578 + j*(574)
1669 + j*(518)
1761 + j*(456)
1846 + j*(383)
1912 + j*(287)
1953 + j*(163)
1967 + j*(6)
1953 + j*(-189)
1913 + j*(-418)
1848 + j*(-680)
1762 + j*(-961)
1651 + j*(-1253)
1516 + j*(-1539)
1349 + j*(-1806)
1142 + j*(-2034)
890 + j*(-2212)
586 + j*(-2322)
229 + j*(-2359)
-175 + j*(-2314)
-612 + j*(-2187)
-1062 + j*(-1979)
-1494 + j*(-1699)
-1875 + j*(-1358)
-2169 + j*(-971)
-2342 + j*(-558)
-2369 + j*(-137)
-2235 + j*(266)
-1941 + j*(634)
-1501 + j*(945)
-950 + j*(1182)
-335 + j*(1330)
289 + j*(1380)
861 + j*(1329)
1321 + j*(1179)
1623 + j*(939)
1734 + j*(624)
1643 + j*(254)
1359 + j*(-144)
915 + j*(-546)
367 + j*(-919)
-223 + j*(-1239)
-782 + j*(-1479)
-1240 + j*(-1621)
-1539 + j*(-1653)
-1641 + j*(-1571)
-1530 + j*(-1379)
-1219 + j*(-1092)
-744 + j*(-729)
-165 + j*(-321)
445 + j*(104)
1004 + j*(510)
1437 + j*(866)
1681 + j*(1140)
1694 + j*(1313)
1465 + j*(1369)
1009 + j*(1302)
370 + j*(1117)
-381 + j*(827)
-1162 + j*(451)
-1881 + j*(18)
-2453 + j*(-442)
-2809 + j*(-897)
-2901 + j*(-1316)
-2711 + j*(-1673)
-2255 + j*(-1947)
-1575 + j*(-2122)
-738 + j*(-2194)
169 + j*(-2161)
1060 + j*(-2032)
1847 + j*(-1820)
2458 + j*(-1540)
2848 + j*(-1213)
2992 + j*(-859)
2900 + j*(-493)
2604 + j*(-135)
2162 + j*(204)
1639 + j*(513)
1107 + j*(788)
635 + j*(1025)
273 + j*(1224)
53 + j*(1387)
-18 + j*(1517)
47 + j*(1619)
212 + j*(1695)
427 + j*(1750)
636 + j*(1786)
787 + j*(1807)
835 + j*(1815)
757 + j*(1812)
545 + j*(1801)
214 + j*(1783)
-199 + j*(1761)
-647 + j*(1739)
-1075 + j*(1719)
-1428 + j*(1702)
-1660 + j*(1691)
-1741 + j*(1687)
-1659 + j*(1692)
-1428 + j*(1703)
-1074 + j*(1719)
-647 + j*(1740)
-199 + j*(1762)
215 + j*(1783)
545 + j*(1801)
758 + j*(1813)
836 + j*(1815)
786 + j*(1808)
636 + j*(1787)
427 + j*(1750)
212 + j*(1696)
48 + j*(1619)
-17 + j*(1517)
53 + j*(1388)
273 + j*(1225)
635 + j*(1026)
1108 + j*(789)
1638 + j*(514)
2162 + j*(205)
2605 + j*(-134)
2900 + j*(-493)
2992 + j*(-858)
2848 + j*(-1213)
2459 + j*(-1539)
1846 + j*(-1819)
1060 + j*(-2031)
170 + j*(-2161)
-738 + j*(-2193)
-1574 + j*(-2121)
-2254 + j*(-1946)
-2711 + j*(-1672)
-2900 + j*(-1315)
-2808 + j*(-896)
-2453 + j*(-441)
-1880 + j*(19)
-1161 + j*(452)
-381 + j*(827)
371 + j*(1118)
1009 + j*(1303)
1465 + j*(1370)
1694 + j*(1314)
1680 + j*(1141)
1437 + j*(866)
1004 + j*(510)
445 + j*(105)
-165 + j*(-320)
-744 + j*(-729)
-1219 + j*(-1091)
-1530 + j*(-1379)
-1641 + j*(-1570)
-1538 + j*(-1653)
-1239 + j*(-1620)
-782 + j*(-1478)
-223 + j*(-1238)
366 + j*(-918)
916 + j*(-545)
1359 + j*(-144)
1643 + j*(255)
1735 + j*(625)
1624 + j*(939)
1321 + j*(1180)
861 + j*(1329)
290 + j*(1381)
-334 + j*(1330)
-950 + j*(1183)
-1501 + j*(946)
-1940 + j*(635)
-2235 + j*(267)
-2369 + j*(-137)
-2341 + j*(-557)
-2168 + j*(-970)
-1874 + j*(-1357)
-1494 + j*(-1699)
-1061 + j*(-1979)
-612 + j*(-2187)
-174 + j*(-2313)
229 + j*(-2359)
586 + j*(-2322)
891 + j*(-2211)
1143 + j*(-2034)
1348 + j*(-1805)
1516 + j*(-1539)
1652 + j*(-1252)
1761 + j*(-961)
1849 + j*(-679)
1913 + j*(-419)
1953 + j*(-188)
1968 + j*(6)
1954 + j*(164)
1913 + j*(288)
1846 + j*(383)
1761 + j*(457)
1669 + j*(519)
1579 + j*(574)
1502 + j*(633)
1452 + j*(696)
1432 + j*(767)
1447 + j*(842)
1493 + j*(917)
1564 + j*(985)
1648 + j*(1040)
1732 + j*(1070)
1802 + j*(1070)
1846 + j*(1036)
1858 + j*(966)
1836 + j*(859)
1784 + j*(722)
1714 + j*(559)
1638 + j*(382)
1573 + j*(196)
1534 + j*(12)
1532 + j*(-166)
1571 + j*(-335)
1648 + j*(-495)
1749 + j*(-649)
1854 + j*(-802)
1936 + j*(-962)
1967 + j*(-1132)
1917 + j*(-1315)
1765 + j*(-1513)
1497 + j*(-1719)
1114 + j*(-1923)
628 + j*(-2107)
66 + j*(-2253)
-533 + j*(-2339)
-1123 + j*(-2344)
-1656 + j*(-2249)
-2083 + j*(-2044)
-2368 + j*(-1726)
-2481 + j*(-1303)
-2416 + j*(-796)
-2179 + j*(-232)
-1794 + j*(347)
-1303 + j*(898)
-753 + j*(1374)
-203 + j*(1734)
298 + j*(1941)
701 + j*(1970)
975 + j*(1816)
1102 + j*(1486)
1083 + j*(1008)
935 + j*(420)
690 + j*(-222)
392 + j*(-859)
82 + j*(-1429)
-192 + j*(-1877)
-395 + j*(-2157)
-505 + j*(-2239)
-512 + j*(-2114)
-423 + j*(-1794)
-260 + j*(-1307)
-55 + j*(-704)
153 + j*(-46)
323 + j*(601)
421 + j*(1169)
422 + j*(1599)
315 + j*(1846)
104 + j*(1882)
-191 + j*(1701)
-538 + j*(1321)
-893 + j*(777)
-1212 + j*(120)
-1449 + j*(-585)
-1568 + j*(-1269)
-1544 + j*(-1871)
-1367 + j*(-2333)
-1046 + j*(-2616)
-602 + j*(-2697)
-75 + j*(-2574)
493 + j*(-2263)
1048 + j*(-1801)
1542 + j*(-1230)
1932 + j*(-608)
2185 + j*(15)
2284 + j*(588)
2224 + j*(1071)
2019 + j*(1438)
1690 + j*(1678)
1271 + j*(1795)
800 + j*(1802)
315 + j*(1727)
-149 + j*(1600)
-565 + j*(1454)
-913 + j*(1314)
-1186 + j*(1204)
-1383 + j*(1132)
-1514 + j*(1100)
-1595 + j*(1101)
-1641 + j*(1117)
-1671 + j*(1129)
-1700 + j*(1117)
-1739 + j*(1063)
-1795 + j*(955)
-1865 + j*(789)
-1950 + j*(573)
-2039 + j*(321)
-2124 + j*(54)
-2198 + j*(-202)
-2251 + j*(-421)
-2282 + j*(-582)
-2289 + j*(-665)
-2274 + j*(-665)
-2242 + j*(-584)
-2202 + j*(-432)
-2158 + j*(-230)
-2119 + j*(-3)
-2086 + j*(222)
-2064 + j*(419)
-2050 + j*(570)
-2041 + j*(661)
-2032 + j*(694)
-2016 + j*(677)
-1985 + j*(629)
-1934 + j*(574)
-1856 + j*(537)
-1749 + j*(547)
-1610 + j*(622)
-1440 + j*(772)
-1239 + j*(995)
-1010 + j*(1276)
-754 + j*(1587)
-474 + j*(1894)
-175 + j*(2154)
139 + j*(2325)
460 + j*(2371)
780 + j*(2264)
1089 + j*(1996)
1372 + j*(1569)
1614 + j*(1008)
1797 + j*(350)
1905 + j*(-353)
1921 + j*(-1039)
1834 + j*(-1649)
1639 + j*(-2131)
1337 + j*(-2438)
941 + j*(-2545)
469 + j*(-2448)
-48 + j*(-2160)
