psync1 = [-1748 + j*(1067)
-1687 + j*(995)
-1502 + j*(794)
-1208 + j*(478)
-826 + j*(81)
-382 + j*(-362)
94 + j*(-804)
572 + j*(-1205)
1021 + j*(-1521)
1418 + j*(-1722)
1746 + j*(-1785)
1991 + j*(-1699)
2152 + j*(-1469)
2233 + j*(-1114)
2246 + j*(-663)
2208 + j*(-157)
2140 + j*(358)
2062 + j*(832)
1993 + j*(1221)
1947 + j*(1486)
1934 + j*(1599)
1953 + j*(1546)
2000 + j*(1329)
2060 + j*(965)
2118 + j*(486)
2154 + j*(-66)
2146 + j*(-638)
2080 + j*(-1179)
1943 + j*(-1635)
1730 + j*(-1962)
1445 + j*(-2129)
1099 + j*(-2116)
712 + j*(-1923)
307 + j*(-1565)
-89 + j*(-1076)
-449 + j*(-499)
-752 + j*(110)
-979 + j*(697)
-1123 + j*(1204)
-1183 + j*(1586)
-1166 + j*(1806)
-1088 + j*(1843)
-969 + j*(1695)
-830 + j*(1375)
-689 + j*(915)
-566 + j*(355)
-467 + j*(-254)
-392 + j*(-858)
-336 + j*(-1406)
-286 + j*(-1857)
-220 + j*(-2176)
-121 + j*(-2350)
29 + j*(-2375)
241 + j*(-2267)
518 + j*(-2052)
851 + j*(-1767)
1222 + j*(-1454)
1600 + j*(-1156)
1951 + j*(-910)
2234 + j*(-745)
2412 + j*(-679)
2453 + j*(-716)
2337 + j*(-847)
2060 + j*(-1051)
1634 + j*(-1296)
1085 + j*(-1548)
459 + j*(-1770)
-192 + j*(-1927)
-809 + j*(-1992)
-1335 + j*(-1950)
-1719 + j*(-1793)
-1924 + j*(-1530)
-1933 + j*(-1176)
-1745 + j*(-758)
-1385 + j*(-307)
-891 + j*(144)
-319 + j*(565)
270 + j*(929)
810 + j*(1217)
1244 + j*(1420)
1528 + j*(1538)
1632 + j*(1577)
1549 + j*(1554)
1287 + j*(1484)
879 + j*(1389)
366 + j*(1281)
-197 + j*(1178)
-759 + j*(1082)
-1268 + j*(995)
-1687 + j*(913)
-1989 + j*(825)
-2166 + j*(718)
-2225 + j*(585)
-2189 + j*(415)
-2086 + j*(206)
-1954 + j*(-36)
-1826 + j*(-299)
-1733 + j*(-564)
-1691 + j*(-804)
-1708 + j*(-997)
-1774 + j*(-1111)
-1873 + j*(-1125)
-1976 + j*(-1024)
-2053 + j*(-802)
-2073 + j*(-467)
-2015 + j*(-35)
-1863 + j*(461)
-1616 + j*(986)
-1289 + j*(1494)
-906 + j*(1940)
-500 + j*(2283)
-110 + j*(2488)
228 + j*(2534)
481 + j*(2411)
629 + j*(2125)
665 + j*(1696)
596 + j*(1161)
443 + j*(560)
240 + j*(-57)
25 + j*(-640)
-158 + j*(-1144)
-275 + j*(-1532)
-295 + j*(-1776)
-204 + j*(-1865)
0 + j*(-1800)
301 + j*(-1594)
672 + j*(-1274)
1079 + j*(-870)
1480 + j*(-420)
1835 + j*(38)
2113 + j*(472)
2293 + j*(855)
2366 + j*(1171)
2339 + j*(1407)
2232 + j*(1564)
2075 + j*(1649)
1902 + j*(1672)
1747 + j*(1647)
1639 + j*(1589)
1598 + j*(1508)
1628 + j*(1410)
1722 + j*(1298)
1858 + j*(1170)
2006 + j*(1019)
2129 + j*(839)
2191 + j*(621)
2163 + j*(364)
2027 + j*(69)
1775 + j*(-256)
1423 + j*(-597)
996 + j*(-931)
533 + j*(-1232)
81 + j*(-1471)
-312 + j*(-1622)
-602 + j*(-1661)
-759 + j*(-1571)
-767 + j*(-1347)
-627 + j*(-995)
-361 + j*(-534)
-8 + j*(9)
382 + j*(593)
754 + j*(1176)
1051 + j*(1712)
1228 + j*(2159)
1250 + j*(2480)
1104 + j*(2651)
793 + j*(2663)
343 + j*(2517)
-206 + j*(2234)
-802 + j*(1843)
-1388 + j*(1386)
-1912 + j*(910)
-2330 + j*(461)
-2612 + j*(82)
-2745 + j*(-191)
-2736 + j*(-335)
-2608 + j*(-341)
-2394 + j*(-213)
-2136 + j*(29)
-1874 + j*(356)
-1644 + j*(731)
-1469 + j*(1113)
-1358 + j*(1461)
-1303 + j*(1741)
-1284 + j*(1928)
-1270 + j*(2006)
-1224 + j*(1972)
-1110 + j*(1838)
-903 + j*(1623)
-591 + j*(1355)
-177 + j*(1068)
315 + j*(792)
847 + j*(558)
1365 + j*(388)
1809 + j*(294)
2125 + j*(282)
2261 + j*(342)
2185 + j*(459)
1886 + j*(606)
1379 + j*(760)
701 + j*(888)
-87 + j*(967)
-914 + j*(975)
-1695 + j*(901)
-2355 + j*(742)
-2824 + j*(501)
-3058 + j*(193)
-3034 + j*(-161)
-2761 + j*(-539)
-2272 + j*(-913)
-1628 + j*(-1260)
-905 + j*(-1560)
-187 + j*(-1799)
441 + j*(-1969)
911 + j*(-2068)
1170 + j*(-2102)
1191 + j*(-2080)
975 + j*(-2016)
554 + j*(-1922)
-21 + j*(-1810)
-680 + j*(-1689)
-1344 + j*(-1561)
-1933 + j*(-1430)
-2384 + j*(-1289)
-2643 + j*(-1130)
-2683 + j*(-947)
-2505 + j*(-730)
-2130 + j*(-476)
-1601 + j*(-182)
-979 + j*(147)
-334 + j*(499)
269 + j*(859)
769 + j*(1204)
1118 + j*(1511)
1289 + j*(1756)
1276 + j*(1916)
1087 + j*(1973)
756 + j*(1917)
327 + j*(1746)
-154 + j*(1466)
-631 + j*(1094)
-1059 + j*(654)
-1397 + j*(173)
-1619 + j*(-315)
-1710 + j*(-779)
-1671 + j*(-1189)
-1513 + j*(-1524)
-1257 + j*(-1768)
-928 + j*(-1916)
-558 + j*(-1971)
-174 + j*(-1949)
195 + j*(-1867)
527 + j*(-1750)
803 + j*(-1626)
1010 + j*(-1517)
1137 + j*(-1442)
1180 + j*(-1415)
1137 + j*(-1441)
1010 + j*(-1516)
803 + j*(-1625)
527 + j*(-1750)
196 + j*(-1866)
-174 + j*(-1948)
-557 + j*(-1971)
-928 + j*(-1916)
-1257 + j*(-1767)
-1513 + j*(-1524)
-1671 + j*(-1189)
-1711 + j*(-779)
-1618 + j*(-315)
-1396 + j*(173)
-1058 + j*(654)
-631 + j*(1095)
-153 + j*(1466)
327 + j*(1746)
757 + j*(1918)
1088 + j*(1974)
1275 + j*(1917)
1290 + j*(1756)
1118 + j*(1512)
769 + j*(1205)
270 + j*(859)
-333 + j*(500)
-980 + j*(147)
-1600 + j*(-181)
-2129 + j*(-475)
-2505 + j*(-730)
-2683 + j*(-946)
-2643 + j*(-1130)
-2383 + j*(-1287)
-1934 + j*(-1430)
-1343 + j*(-1561)
-680 + j*(-1688)
-21 + j*(-1810)
554 + j*(-1922)
976 + j*(-2015)
1191 + j*(-2080)
1171 + j*(-2102)
912 + j*(-2068)
442 + j*(-1968)
-188 + j*(-1799)
-905 + j*(-1560)
-1628 + j*(-1260)
-2272 + j*(-913)
-2760 + j*(-538)
-3034 + j*(-161)
-3057 + j*(194)
-2824 + j*(501)
-2355 + j*(743)
-1695 + j*(902)
-913 + j*(976)
-88 + j*(967)
701 + j*(889)
1379 + j*(760)
1886 + j*(607)
2185 + j*(459)
2261 + j*(343)
2125 + j*(283)
1810 + j*(296)
1365 + j*(389)
847 + j*(558)
315 + j*(793)
-177 + j*(1069)
-591 + j*(1357)
-903 + j*(1624)
-1110 + j*(1839)
-1223 + j*(1973)
-1269 + j*(2007)
-1284 + j*(1929)
-1302 + j*(1743)
-1358 + j*(1462)
-1469 + j*(1114)
-1644 + j*(732)
-1874 + j*(357)
-2135 + j*(30)
-2394 + j*(-212)
-2608 + j*(-340)
-2736 + j*(-334)
-2745 + j*(-190)
-2612 + j*(84)
-2330 + j*(462)
-1912 + j*(911)
-1388 + j*(1388)
-801 + j*(1845)
-206 + j*(2234)
343 + j*(2518)
794 + j*(2664)
1104 + j*(2652)
1251 + j*(2480)
1228 + j*(2159)
1051 + j*(1713)
754 + j*(1177)
382 + j*(593)
-8 + j*(9)
-362 + j*(-533)
-627 + j*(-995)
-766 + j*(-1347)
-759 + j*(-1570)
-602 + j*(-1660)
-312 + j*(-1621)
82 + j*(-1471)
533 + j*(-1231)
996 + j*(-931)
1423 + j*(-596)
1776 + j*(-257)
2027 + j*(69)
2164 + j*(365)
2192 + j*(621)
2129 + j*(839)
2006 + j*(1020)
1858 + j*(1171)
1722 + j*(1299)
1628 + j*(1411)
1598 + j*(1509)
1640 + j*(1590)
1747 + j*(1647)
1902 + j*(1672)
2075 + j*(1649)
2233 + j*(1565)
2339 + j*(1408)
2366 + j*(1171)
2293 + j*(857)
2113 + j*(473)
1836 + j*(39)
1480 + j*(-420)
1080 + j*(-869)
673 + j*(-1272)
301 + j*(-1593)
-1 + j*(-1798)
-204 + j*(-1864)
-295 + j*(-1775)
-274 + j*(-1530)
-158 + j*(-1142)
26 + j*(-638)
240 + j*(-55)
443 + j*(561)
597 + j*(1161)
666 + j*(1698)
630 + j*(2126)
482 + j*(2412)
228 + j*(2535)
-109 + j*(2490)
-500 + j*(2284)
-906 + j*(1941)
-1289 + j*(1495)
-1617 + j*(987)
-1862 + j*(463)
-2015 + j*(-34)
-2073 + j*(-465)
-2053 + j*(-800)
-1976 + j*(-1022)
-1872 + j*(-1124)
-1774 + j*(-1109)
-1707 + j*(-995)
-1691 + j*(-803)
-1732 + j*(-562)
-1826 + j*(-297)
-1953 + j*(-34)
-2085 + j*(207)
-2188 + j*(416)
-2225 + j*(587)
-2165 + j*(720)
-1989 + j*(827)
-1686 + j*(915)
-1268 + j*(996)
-758 + j*(1083)
-196 + j*(1179)
367 + j*(1283)
879 + j*(1390)
1287 + j*(1486)
1548 + j*(1556)
1632 + j*(1579)
1529 + j*(1538)
1244 + j*(1421)
810 + j*(1219)
270 + j*(930)
-318 + j*(567)
-890 + j*(147)
-1384 + j*(-305)
-1745 + j*(-757)
-1932 + j*(-1174)
-1924 + j*(-1528)
-1718 + j*(-1793)
-1334 + j*(-1948)
-809 + j*(-1991)
-191 + j*(-1926)
460 + j*(-1768)
1086 + j*(-1546)
1634 + j*(-1295)
2061 + j*(-1049)
2338 + j*(-846)
2454 + j*(-714)
2413 + j*(-677)
2235 + j*(-743)
1952 + j*(-908)
1601 + j*(-1154)
1223 + j*(-1453)
852 + j*(-1765)
518 + j*(-2050)
241 + j*(-2265)
29 + j*(-2373)
-120 + j*(-2348)
-219 + j*(-2175)
-285 + j*(-1855)
-336 + j*(-1404)
-391 + j*(-856)
-465 + j*(-252)
-565 + j*(357)
-689 + j*(917)
-829 + j*(1378)
-968 + j*(1697)
-1087 + j*(1845)
-1165 + j*(1808)
-1182 + j*(1588)
-1122 + j*(1207)
-978 + j*(698)
-751 + j*(112)
-449 + j*(-498)
-88 + j*(-1075)
308 + j*(-1564)
712 + j*(-1921)
1100 + j*(-2115)
1446 + j*(-2127)
1731 + j*(-1961)
1943 + j*(-1633)
2081 + j*(-1176)
2148 + j*(-636)
2154 + j*(-63)
2120 + j*(488)
2063 + j*(968)
2001 + j*(1331)
1955 + j*(1549)
1935 + j*(1602)
1949 + j*(1488)
1994 + j*(1224)
2063 + j*(835)
